0 19440
1 0
2 0
3 0
4 0
5 0
6 0
7 0
8 0
9 0
10 0
11 0
12 0
13 0
14 0
15 0
16 0
17 0
18 0
19 0
20 0
21 0
22 0
23 0
24 0
25 0
26 0
27 0
28 0
29 0
30 268201
31 0
32 0
33 0
34 528
35 0
36 0
37 0
38 131
39 422
40 574
41 71
42 0
43 60
44 360
45 0
46 286
47 0
48 969
49 51
50 644
51 2
52 37
53 481
54 694
55 0
56 0
57 934
58 1075
59 0
60 923
61 123
62 392
63 162
64 783
65 0
66 1085
67 502
68 30
69 264
70 665
71 0
72 0
73 694
74 685
75 51
76 485
77 633
78 360
79 0
80 32
81 1242
82 0
83 178
84 510
85 0
86 892
87 488
88 29
89 594
90 497
91 90
92 0
93 1432
94 9
95 0
96 1126
97 121
98 109
99 0
100 527
101 827
102 0
103 0
104 448
105 642
106 687
107 304
108 165
109 267
110 0
111 1000
112 11
113 529
114 0
115 403
116 480
117 326
118 311
119 242
120 0
121 768
122 371
123 690
124 0
125 0
126 215
127 497
128 78
129 332
130 659
131 0
132 1371
133 0
134 367
135 593
136 0
137 164
138 300
139 312
140 109
141 88
142 0
143 1191
144 231
145 660
146 424
147 0
148 19
149 109
150 226
151 399
152 406
153 0
154 0
155 174
156 0
157 0
158 381
159 400
160 0
161 379
162 53
163 440
164 111
165 28
166 663
167 135
168 129
169 219
170 0
171 119
172 0
173 446
174 266
175 152
176 122
177 417
178 21
179 392
180 83
181 283
182 0
183 3
184 609
185 202
186 116
187 334
188 0
189 265
190 657
191 0
192 0
193 0
194 356
195 138
196 105
197 40
198 0
199 0
200 789
201 0
202 225
203 0
204 0
205 74
206 309
207 34
208 547
209 802
210 0
211 1111
212 0
213 0
214 249
215 667
216 247
217 0
218 130
219 0
220 43
221 102
222 174
223 199
224 0
225 570
226 0
227 137
228 0
229 494
230 1000
231 0
232 691
233 78
234 0
235 57
236 565
237 171
238 66
239 2548
240 645
241 420
242 342
243 0
244 0
245 0
246 0
247 0
248 0
249 0
250 0
251 0
252 302
253 0
254 0
255 0
